# Nota: C-Order, 1 refers to the Y axis, 2 to the X axis 
# Calibration done at Tue Apr 27 13:27:15 2021
poni_version: 2
Detector: Detector
Detector_config: {"pixel1": 0.00017199999999999998, "pixel2": 0.00017199999999999998, "max_shape": null}
Distance: 0.7372821673772401
Poni1: 0.17172063639768254
Poni2: 0.12686817078932736
Rot1: -0.0037157440729586894
Rot2: 7.738105349922631e-05
Rot3: -3.587417368851941e-09
Wavelength: 1.2422999999999999e-11
