# Nota: C-Order, 1 refers to the Y axis, 2 to the X axis 
# Calibration done at Tue Apr 27 14:44:53 2021
poni_version: 2
Detector: Detector
Detector_config: {"pixel1": 0.00017199999999999998, "pixel2": 0.00017199999999999998, "max_shape": null}
Distance: 0.9073695062957833
Poni1: 0.1694972845506434
Poni2: 0.13166694080499783
Rot1: 0.0020355305235540177
Rot2: 0.002402555797833699
Rot3: -6.407852831713477e-09
Wavelength: 1.2422999999999999e-11
